#         t          x          y          z         vx         vy         vz
      0.000    -98.450   -120.030   -127.810    -27.700    174.120     92.490
      0.100   -100.833   -102.187   -118.082    -19.962    182.749    102.073
      0.200   -102.341    -83.466   -107.331    -10.200    191.668    112.949
      0.300   -102.737    -63.850    -95.416      2.289    200.640    125.355
      0.400   -101.698    -43.361    -82.172     18.496    209.139    139.516
      0.500    -98.784    -22.100    -67.421     39.764    216.084    155.501
      0.600    -93.412     -0.329    -51.002     67.686    219.342    172.875
      0.700    -84.861     21.395    -32.864    103.328    215.131    189.897
      0.800    -72.451     42.070    -13.247    144.880    198.367    202.445
      0.900    -55.977     60.323      7.115    184.608    166.693    204.785
      1.000    -36.151     74.988     27.066    211.900    126.609    194.230
      1.100    -14.358     85.729     45.605    223.964     88.222    176.554
      1.200      8.094     92.974     62.297    225.070     56.669    157.286
      1.300     30.355     97.421     77.125    220.146     32.284    139.285
      1.400     51.981     99.721     90.260    212.385     13.703    123.408
      1.500     72.776    100.379    101.913    203.506     -0.539    109.659
      1.600     92.669     99.772    112.285    194.365    -11.597     97.772
      1.700    111.656     98.177    121.545    185.374    -20.308     87.441
      1.800    129.761     95.798    129.837    176.716    -27.265     78.393
      1.900    147.020     92.791    137.277    168.463    -32.888     70.402
      2.000    163.474     89.272    143.961    160.630    -37.481     63.286
      2.100    179.166     85.335    149.971    153.206    -41.264     56.899
      2.200    194.135     81.052    155.372    146.166    -44.402     51.125
      2.300    208.417     76.481    160.222    139.482    -47.017     45.871
      2.400    222.047     71.669    164.568    133.124    -49.206     41.062
      2.500    235.057     66.657    168.453    127.064    -51.040     36.636
      2.600    247.474     61.476    171.912    121.273    -52.577     32.542
      2.700    259.324     56.154    174.976    115.729    -53.864     28.739
      2.800    270.631     50.714    177.673    110.408    -54.937     25.190
      2.900    281.416     45.176    180.025    105.291    -55.826     21.868
      3.000    291.698     39.557    182.056    100.360    -56.555     18.745
      3.100    301.496     33.872    183.784     95.598    -57.145     15.802
      3.200    310.825     28.134    185.225     90.990    -57.611     13.020
      3.300    319.701     22.355    186.395     86.524    -57.969     10.382
      3.400    328.137     16.545    187.308     82.187    -58.229      7.875
      3.500    336.144     10.714    187.976     77.969    -58.402      5.488
      3.600    343.736      4.869    188.411     73.859    -58.496      3.208
      3.700    350.921     -0.982    188.622     69.850    -58.519      1.028
      3.800    357.710     -6.832    188.621     65.932    -58.476     -1.062
      3.900    364.112    -12.674    188.414     62.098    -58.372     -3.069
      4.000    370.134    -18.503    188.011     58.342    -58.213     -4.998
      4.100    375.784    -24.314    187.418     54.656    -58.001     -6.857
      4.200    381.068    -30.101    186.643     51.035    -57.741     -8.650
      4.300    385.994    -35.860    185.691     47.474    -57.435    -10.382
      4.400    390.566    -41.586    184.569     43.967    -57.085    -12.057
      4.500    394.790    -47.275    183.282     40.510    -56.694    -13.680
      4.600    398.670    -52.923    181.836     37.098    -56.263    -15.253
      4.700    402.211    -58.525    180.234     33.728    -55.794    -16.780
      4.800    405.418    -64.079    178.482     30.394    -55.288    -18.264
      4.900    408.292    -69.581    176.583     27.093    -54.745    -19.707
      5.000    410.838    -75.027    174.542     23.821    -54.168    -21.112
      5.100    413.057    -80.413    172.363     20.576    -53.556    -22.481
      5.200    414.954    -85.736    170.048     17.354    -52.909    -23.817
      5.300    416.529    -90.993    167.601     14.151    -52.228    -25.120
      5.400    417.785    -96.180    165.025     10.964    -51.513    -26.393
      5.500    418.723   -101.294    162.324      7.791    -50.764    -27.638
      5.600    419.344   -106.331    159.499      4.628    -49.981    -28.855
      5.700    419.649   -111.288    156.554      1.473    -49.162    -30.046
      5.800    419.638   -116.162    153.491     -1.678    -48.308    -31.213
      5.900    419.313   -120.948    150.312     -4.827    -47.418    -32.356
      6.000    418.673   -125.644    147.021     -7.977    -46.491    -33.477
      6.100    417.717   -130.245    143.618    -11.132    -45.526    -34.576
      6.200    416.446   -134.747    140.107    -14.293    -44.522    -35.654
      6.300    414.858   -139.147    136.489    -17.464    -43.477    -36.711
      6.400    412.953   -143.440    132.765    -20.648    -42.390    -37.750
      6.500    410.728   -147.623    128.939    -23.848    -41.260    -38.769
      6.600    408.182   -151.690    125.013    -27.067    -40.083    -39.770
      6.700    405.313   -155.637    120.986    -30.308    -38.859    -40.753
      6.800    402.119   -159.459    116.863    -33.574    -37.584    -41.719
      6.900    398.597   -163.151    112.643    -36.870    -36.256    -42.666
      7.000    394.744   -166.708    108.330    -40.198    -34.872    -43.596
      7.100    390.556   -170.123    103.925    -43.563    -33.429    -44.509
      7.200    386.029   -173.390     99.430    -46.967    -31.923    -45.404
      7.300    381.160   -176.504     94.845    -50.417    -30.350    -46.280
      7.400    375.943   -179.457     90.174    -53.915    -28.705    -47.139
      7.500    370.374   -182.241     85.419    -57.467    -26.984    -47.978
      7.600    364.447   -184.849     80.580    -61.078    -25.180    -48.797
      7.700    358.155   -187.273     75.660    -64.754    -23.287    -49.596
      7.800    351.493   -189.502     70.662    -68.499    -21.298    -50.372
      7.900    344.452   -191.527     65.587    -72.321    -19.206    -51.124
      8.000    337.024   -193.337     60.438    -76.226    -17.001    -51.851
      8.100    329.202   -194.921     55.218    -80.222    -14.672    -52.549
      8.200    320.975   -196.265     49.930    -84.316    -12.208    -53.216
      8.300    312.333   -197.355     44.577    -88.519     -9.597    -53.848
      8.400    303.266   -198.176     39.162    -92.838     -6.821    -54.441
      8.500    293.759   -198.711     33.691    -97.285     -3.865    -54.989
      8.600    283.801   -198.939     28.167   -101.872     -0.707    -55.487
      8.700    273.377   -198.841     22.596   -106.611      2.677    -55.925
      8.800    262.471   -198.391     16.985   -111.517      6.313    -56.295
      8.900    251.065   -197.564     11.341   -116.605     10.236    -56.583
      9.000    239.140   -196.328      5.674   -121.892     14.484    -56.775
      9.100    226.676   -194.648     -0.008   -127.396     19.104    -56.851
      9.200    213.649   -192.485     -5.689   -133.138     24.153    -56.767
      9.300    200.035   -189.793    -11.352   -139.139     29.698    -56.508
      9.400    185.807   -186.517    -16.980   -145.420     35.824    -56.033
      9.500    170.936   -182.594    -22.546   -152.003     42.635    -55.288
      9.600    155.390   -177.949    -28.020   -158.907     50.262    -54.200
      9.700    139.138   -172.492    -33.363   -166.143     58.873    -52.670
      9.800    122.145   -166.115    -38.525   -173.710     68.679    -50.562
      9.900    104.381   -158.683    -43.437   -181.574     79.955    -47.685
     10.000     85.820   -150.032    -48.010   -189.645     93.055    -43.764
     10.100     66.452   -139.958    -52.118   -197.721    108.435    -38.401
