0.000000000000000000e+00 5.487200109145794828e+52 -9.156011767342274679e+52 -3.668811658196479851e+52 5.769406937744850706e+52 -8.749930482586237202e+52 -2.980523544841386496e+52 1.274285042059773086e+51 -2.029312697135958589e+51 -7.550276550761855032e+50
5.714285599999999743e-01 5.580424837917882265e+52 -9.202656113700527006e+52 -3.622231275782644741e+52 5.833045739314802411e+52 -8.770128100447744151e+52 -2.937082361132941740e+52 2.465010395664924143e+51 -2.119775292655467496e+51 3.452351030094566464e+50
1.142857140000000049e+00 5.605641530234055141e+52 -9.203666287967329604e+52 -3.598024757733274463e+52 6.259790145029778545e+52 -8.998759907575502928e+52 -2.738969762545724384e+52 5.473615656248340595e+51 -2.146238694508129745e+51 3.327376961740210849e+51
1.714285700000000023e+00 5.629706693828343379e+52 -9.159325752837362300e+52 -3.529619059009018920e+52 6.376355750421050361e+52 -9.023598707730436991e+52 -2.647242957309386630e+52 5.140421406339997698e+51 -1.609886625109893748e+51 3.530534781230103618e+51
2.285714280000000098e+00 5.770450512702541384e+52 -9.176102865544390104e+52 -3.405652352841848720e+52 6.230080864060134429e+52 -8.824110896686893978e+52 -2.594030032626759549e+52 5.138164382594182653e+51 -1.300672514434278223e+51 3.837491868159904597e+51
2.857142860000000173e+00 6.140459457129670079e+52 -9.270720320759765872e+52 -3.130260863630095793e+52 6.406965360931299814e+52 -8.802818680234799439e+52 -2.395853319303499625e+52 5.294410270930273195e+51 -1.153142483852387918e+51 4.141267787077885610e+51
3.428571420000000369e+00 6.820792551283114411e+52 -9.374970172958523058e+52 -2.554177621675408647e+52 6.951116837359587018e+52 -8.872514904332987079e+52 -1.921398066973400061e+52 6.084167707364835929e+51 -1.072759639143529992e+51 5.011408068221306103e+51
4.000000000000000000e+00 1.173670132981021739e+53 -1.058685639621297222e+53 1.149844933597245172e+52 1.120470920606119254e+53 -9.935813465282993241e+52 1.268895740778199303e+52 1.136175040413865788e+52 -1.065960501232639289e+51 1.029578990290601909e+52
4.571428549999999369e+00 1.049806346963269628e+53 -9.081479384854840389e+52 1.416584084777855889e+52 1.047744332217163506e+53 -8.969973142241389240e+52 1.507470179930245817e+52 1.009631152942897846e+52 -8.912751758754762561e+50 9.205036353553502700e+51
5.142857130000000332e+00 8.758106831751508979e+52 -7.430613252205764150e+52 1.327493579545744829e+52 8.730695289321809227e+52 -7.478960296842334355e+52 1.251734992479474871e+52 8.659210336782341413e+51 -7.175482768409171486e+50 7.941662059941423683e+51
5.714285689999999640e+00 8.768535530802107020e+52 -6.704959698866466605e+52 2.063575831935640415e+52 8.681835903080439979e+52 -6.802061466753907475e+52 1.879774436326532504e+52 6.549196380769032517e+51 -5.677262747505412854e+50 5.981470106018491398e+51
