6.285714270000000603e+00 1.717865348053124869e+53 -2.446794740371228709e+53 -7.289293923181038399e+52 6.690650917556497416e+51 -4.884104594020292771e+50 6.202240458154468554e+51
6.857142850000000678e+00 1.516835469488049765e+53 -2.277351762431258895e+53 -7.605162929432091296e+52 6.858916034302338652e+51 -4.487184801569564654e+50 6.410197554145381688e+51
7.428571409999999986e+00 1.462227429880383858e+53 -2.227814308219149777e+53 -7.655868783387659189e+52 5.944069190703480467e+51 -4.202545623318603359e+50 5.523814628371620297e+51
7.999999990000000061e+00 1.408485649036857851e+53 -2.184291698038260858e+53 -7.758060490014030074e+52 6.242239450534860432e+51 -4.193410981422336160e+50 5.822898352392626733e+51
8.571428550000000257e+00 1.426056747064090398e+53 -2.191356989804804270e+53 -7.653002427407138712e+52 6.262748485251631711e+51 -4.168441466614454390e+50 5.845904338590186106e+51
9.142857130000001220e+00 1.437544962709562139e+53 -2.199882596417280969e+53 -7.623376337077188308e+52 6.616839241126119991e+51 -4.097264309668499323e+50 6.207112810159270641e+51
9.714285710000000407e+00 1.484992255501097831e+53 -2.234212952155250767e+53 -7.492206966541529361e+52 6.830680755379863677e+51 -4.100060129196085088e+50 6.420674742460254587e+51
1.028571428000000054e+01 1.482707134982335045e+53 -2.233154685272670429e+53 -7.504475502903353844e+52 6.251751370873013294e+51 -3.867078865609221151e+50 5.865043484312091262e+51
1.085714285999999973e+01 1.461787885984992894e+53 -2.218073874548824553e+53 -7.562859885638316587e+52 6.211418319486515553e+51 -3.831124097206922804e+50 5.828305909765823190e+51
1.142857142999999986e+01 1.453214898523340450e+53 -2.209046680661673542e+53 -7.558317821383330915e+52 6.478337722376010415e+51 -3.842286091052748006e+50 6.094109113270734950e+51
