6.285709999999999908e+00 1.821037145618655593e+53 -2.435829671099823398e+53 -6.147925254811678051e+52 8.428371598896760709e+51 -4.902358783022910056e+50 7.938135720594469870e+51
6.857140000000000235e+00 1.612279185924174979e+53 -2.264994216761021480e+53 -6.527150308368465011e+52 7.590625767355545034e+51 -4.495681334638159509e+50 7.141057633891729000e+51
7.428569999999999673e+00 1.553671877784961938e+53 -2.202171394287465501e+53 -6.484995165025035626e+52 7.005068330196764244e+51 -4.365970251912909967e+50 6.568471305005473580e+51
8.000000000000000000e+00 1.520089761451615168e+53 -2.188423747736474437e+53 -6.683339862848592696e+52 7.660487361838541642e+51 -4.331507512159032195e+50 7.227336610622637841e+51
8.571430000000001215e+00 1.534415880328573455e+53 -2.177426586419229338e+53 -6.430107060906558835e+52 6.973652825920237480e+51 -4.141898858619978683e+50 6.559462940058239861e+51
9.142860000000000653e+00 1.527207827879935647e+53 -2.192613121382555450e+53 -6.654052935026198037e+52 7.062894745302175585e+51 -4.019757073184427076e+50 6.660919037983732213e+51
9.714290000000001868e+00 1.577510685990885596e+53 -2.245485807435427122e+53 -6.679751214445415259e+52 7.675359228966170849e+51 -4.105367869748508345e+50 7.264822441991319765e+51
1.028570000000000029e+01 1.563353751287320088e+53 -2.205835512906513343e+53 -6.424817616191932554e+52 6.959456662745532421e+51 -3.945491073070336975e+50 6.564907555438498142e+51
1.085710000000000086e+01 1.542509492993696833e+53 -2.201419434807836634e+53 -6.589099418141398008e+52 6.938087351029343478e+51 -3.753035188529956527e+50 6.562783832176348157e+51
1.142860000000000120e+01 1.534212101578150975e+53 -2.209869677897090079e+53 -6.756575763189391045e+52 7.082785545526652935e+51 -3.897262108685895785e+50 6.693059334658062941e+51
