0.000000000000000000e+00 5.450738493683396545e+52 -9.199111919699498287e+52 -3.748373426016101742e+52 8.205706785067993791e+52 -8.742452827028007622e+52 -5.367460419600138314e+51 7.125036561780447310e+51 -2.004247064047688164e+51 5.120789497732759479e+51
5.714289999999999647e-01 5.485692124006964724e+52 -9.036096528753906349e+52 -3.550404404746941625e+52 8.428411243912473056e+52 -8.754269952700857879e+52 -3.258587087883848224e+51 1.437295480154667114e+52 -2.130391242743782611e+51 1.224256355880288720e+52
1.142859999999999987e+00 5.686707521114259455e+52 -9.271214294269613080e+52 -3.584506773155353625e+52 8.592299315129622578e+52 -8.748929110310069661e+52 -1.566297951804470826e+51 1.987234993757832015e+52 -2.186165823654463131e+51 1.768618411392385669e+52
1.714290000000000092e+00 5.830419305005552804e+52 -9.179672732419394262e+52 -3.349253427413841458e+52 9.163019344500083014e+52 -8.994231510275088337e+52 1.687878342249946777e+51 1.490312745595969163e+52 -1.633031813471854599e+51 1.327009564248783703e+52
2.285709999999999908e+00 6.163928314012339785e+52 -9.180328592896650655e+52 -3.016400278884310870e+52 9.790648515922942999e+52 -8.739036388973373879e+52 1.051612126949569119e+52 1.229720726292456028e+52 -1.327171108544656349e+51 1.097003615437990360e+52
2.857139999999999791e+00 6.907559718546494871e+52 -9.351747104627418182e+52 -2.444187386080923311e+52 1.079388624078964070e+53 -8.684542617122678296e+52 2.109343623666962405e+52 1.148451522617156510e+52 -1.152874536246393418e+51 1.033164068992517168e+52
3.428570000000000118e+00 8.435329324942075707e+52 -9.453090438757634667e+52 -1.017761113815558960e+52 1.295771571096833621e+53 -8.757696309853497574e+52 4.200019401114838632e+52 1.219408636199037408e+52 -1.067073391714462426e+51 1.112701297027591199e+52
4.000000000000000000e+00 1.498739965205589758e+53 -1.047811093828962493e+53 4.509288713766272650e+52 1.864692161911369186e+53 -1.000861646232682208e+53 8.638305156786869779e+52 1.461844341663677156e+52 -1.064493366925771295e+51 1.355395004971100026e+52
4.571430000000000327e+00 1.138793019054573488e+53 -9.167139425918093112e+52 2.220790764627641763e+52 1.259136711156281280e+53 -8.883370112485563608e+52 3.707996999077249191e+52 1.081246507699233069e+52 -8.862900009661089601e+50 9.926175076026221900e+51
5.142859999999999765e+00 9.282336562425403704e+52 -7.376769200271141105e+52 1.905567362154262598e+52 9.606862452908107992e+52 -7.232945451063911375e+52 2.373917001844196618e+52 1.079294122570912602e+52 -7.444593433124470135e+50 1.004848188239667884e+52
5.714290000000000092e+00 9.286932735042136719e+52 -6.708738999043976882e+52 2.578193735998159836e+52 9.252353007981527689e+52 -6.771375677429989237e+52 2.480977330551538451e+52 8.916885565549686459e+51 -5.853840044330791742e+50 8.331501561116606786e+51
